img1 result: 
time took:  1.0903735160827637
k= 3
[[102  68  45]
 [110 222 227]
 [206 155 105]]
time took:  1.3829898834228516
k= 4
[[102  68  44]
 [199 178  50]
 [109 222 227]
 [210 141 145]]
time took:  1.16977858543396
k= 5
[[ 30  25  17]
 [130  87  66]
 [208 150  87]
 [108 222 228]
 [208 183 166]]
time took:  2.128960609436035
k= 6
[[ 29  24  16]
 [142  78  42]
 [103 109 121]
 [209 150  87]
 [108 222 228]
 [209 184 167]]
time took:  2.434499740600586
k= 7
[[ 29  24  16]
 [102 109 119]
 [143  78  42]
 [200 178  49]
 [108 222 228]
 [212 134 143]
 [235 232 162]]
time took:  2.953875780105591
k= 8
[[ 13  10   8]
 [ 73  61  39]
 [148  79  43]
 [105 111 122]
 [200 178  49]
 [108 222 228]
 [212 134 143]
 [235 232 162]]
time took:  3.4929120540618896
k= 9
[[ 12  10   8]
 [ 73  59  39]
 [160  62  48]
 [125 118  38]
 [105 109 127]
 [200 178  49]
 [108 222 228]
 [212 134 143]
 [235 232 162]]
time took:  8.829182863235474
k= 10
[[ 12  10   8]
 [ 72  58  39]
 [125 118  38]
 [159  62  48]
 [104 107 126]
 [200 178  49]
 [222 122 135]
 [108 222 228]
 [244 241 147]
 [184 176 174]]

img2 result: 
time took:  1.9851243495941162
k= 3
[[ 67  66  77]
 [108 109 138]
 [178 180 170]]
time took:  3.389256000518799
k= 4
[[ 63  62  68]
 [ 92  93 125]
 [132 134 152]
 [192 194 175]]
time took:  7.882128715515137
k= 5
[[ 61  60  64]
 [ 83  84 113]
 [112 113 142]
 [152 154 158]
 [202 203 181]]
time took:  6.052932262420654
k= 6
[[ 57  55  59]
 [ 77  77  94]
 [ 96  97 132]
 [126 128 151]
 [166 168 158]
 [207 209 190]]
time took:  13.50083589553833
k= 7
[[ 55  53  57]
 [ 77  76  87]
 [ 89  91 128]
 [119 120 146]
 [154 158 171]
 [186 178 111]
 [205 208 191]]
time took:  15.050982475280762
k= 8
[[ 54  53  57]
 [ 80  78  80]
 [ 77  79 121]
 [104 105 135]
 [130 132 155]
 [164 168 177]
 [186 178 109]
 [211 214 192]]
time took:  12.450945854187012
k= 9
[[ 52  51  54]
 [ 73  72  78]
 [105 104 103]
 [ 77  79 122]
 [105 106 143]
 [133 136 155]
 [189 180 111]
 [166 170 178]
 [212 215 193]]
time took:  18.774277210235596
k= 10
[[ 51  50  54]
 [ 73  71  74]
 [103 102  99]
 [ 73  74 116]
 [ 96  98 137]
 [120 122 149]
 [145 149 163]
 [189 180 109]
 [176 180 184]
 [217 219 193]]

img3 result: 
time took:  2.6638808250427246
k= 3
[[  6   4  17]
 [ 95  81  68]
 [186 167 144]]
time took:  2.6527557373046875
k= 4
[[  4   2  17]
 [ 70  59  53]
 [150 128  99]
 [201 187 173]]
time took:  2.8862009048461914
k= 5
[[  4   2  17]
 [ 70  59  53]
 [155 127  92]
 [134 158 184]
 [220 194 165]]
time took:  6.402399301528931
k= 6
[[  3   2  16]
 [ 57  48  44]
 [113  95  77]
 [173 142 101]
 [137 160 185]
 [224 197 170]]
time took:  9.252801179885864
k= 7
[[  3   1  16]
 [ 48  36  32]
 [ 82  72  64]
 [136 113  87]
 [137 160 186]
 [185 152 108]
 [226 200 173]]
time took:  8.69572138786316
k= 8
[[  3   1  16]
 [ 46  33  29]
 [ 75  67  61]
 [127 105  82]
 [176 144 100]
 [135 159 185]
 [212 183 148]
 [232 210 195]]
time took:  7.419879913330078
k= 9
[[  2   1  16]
 [ 42  28  24]
 [ 65  58  56]
 [106  89  72]
 [145 121  92]
 [186 151 104]
 [135 159 186]
 [215 186 151]
 [233 211 197]]
time took:  14.901277780532837
k= 10
[[  2   1  16]
 [ 41  28  23]
 [ 64  57  55]
 [104  88  71]
 [144 120  92]
 [186 148  96]
 [134 159 187]
 [190 166 136]
 [223 193 158]
 [233 214 202]]
